88012719
57753552
49783699
6761086
94243346
5213611
66135219
22896755
27785516
96626687
32639648
19689688
94617483
22007492
59909168
17116257
27823425
53089190
6716363
10887318
3633285
19776468
4243758
39710296
47736864
87696000
68018052
39953696
6625454
84656427
73141499
41382137
35315940
49435986
69948399
11288650
37947619
32072261
89499506
81280982
3565319
88720826
31661674
54334396
63345480
79352044
60804362
58279924
43756520
83943661
89929396
91745838
6867654
60744174
23432188
80867776
131773
61190259
85101715
25204699
18680524
18362498
41264598
58152927
18233197
33271654
19429680
72832299
2818368
27820967
69450686
4644291
81979805
29311471
87352126
26290082
39835101
65842778
51416510
54450227
68576563
51874064
61586072
73106983
95649667
83911766
23381029
69450614
72021177
4138119
49571361
11194252
14700634
92832851
80170163
95872934
46975194
51327179
76163179
27410370
93416326
51081202
14361244
61871492
48813845
84979943
43860138
21709451
63631187
4759644
88079713
81703369
19262426
80249501
41094625
53385923
36151590
66619870
18379520
68731269
27505277
30337982
97956503
9236139
40213134
52248612
93199679
21962695
89960043
68017337
18065334
73910421
18179304
32431054
66241051
55802984
17458599
17345534
28495282
67922623
57384156
42356720
95213043
55577623
41244082
90377284
41110670
48890387
64425018
25616893
96897227
99467330
50888221
90806624
47750446
39032597
23928551
40602625
48681908
35376104
50941596
84624829
92081618
77518398
17630539
15063065
63686397
7158399
46137505
40339229
38708038
62284437
96309682
57193532
60787856
91256360
58185241
96001599
38389916
3704882
78745067
15415817
62864418
34061539
91463804
50475408
47892342
20239713
5618982
45657033
80410962
26507974
10101214
68869309
71077769
37535356
22256589
58690741
84585270
79919531
82590244
60548199
77970735
71290758
24767108
23232930
48677986
54990424
56311965
50192597
5715387
27425942
93150595
40618300
74851102
51952640
45274263
89366770
67816885
32061783
62604374
98354106
72081973
30162158
71499972
67146855
52925678
5510294
82671207
4395404
71701557
55209484
27685578
87038500
89020794
78361584
48408136
9603703
80552642
47918502
6877110
49840588
33589390
21806358
19222765
52259527
99735980
59782085
19616739
58459867
18545114
14429048
7532018
45614527
63600452
87706495
76527120
29807739
86587206
19007382
78970635
45691163
88459958
94338675
82700645
85403798
85103083
42140229
75625109
41124026
6355357
58310469
99010683
5515054
61447090
55433265
77086746
76283146
25469124
6633982
41491950
97602420
59931274
65516988
76901811
68035478
11526954
8842857
29659133
7694176
71248031
99204731
1395786
68919410
33892297
57038106
62267786
95639381
21452099
88034922
10473781
40110041
24588224
28010006
97633285
92350122
45923578
27222086
19074424
20011089
74122009
79134416
15465894
28168043
7308214
88735922
997917
56205187
87106449
31772413
45740028
5011560
1640064
29164232
46297808
23924241
93327107
55582885
50943232
83369172
30464008
82109334
42995652
23019497
71988083
37631592
34083590
68807817
27998400
58223396
52101217
49329906
22957584
91916176
66019814
16385667
50844786
69888660
98893274
65315148
813034
79379873
11615438
85086269
30896650
50802338
12141984
91370057
48695091
75376556
11971968
3113300
28339977
17030611
55088025
48947854
99032786
57907309
21879752
89179144
3042942
93597983
95646501
72535031
60971623
64706714
17772116
5516585
61287443
22410839
4039979
41745381
64009895
30732398
47568958
31782660
78777624
20765089
24716045
97564219
57572976
98162184
35401242
50720646
95431789
71787442
23312207
3973449
18186614
9406877
30909648
17664313
16647577
67844675
24365205
17505908
877150
33203887
69118143
75400942
96152210
60767644
79650114
24816688
62205166
3060684
42180929
21326532
70688202
61145198
78705590
56993628
1675411
80329279
5717443
38264097
6512247
44368867
15450661
91381763
18829737
26528142
81829155
77253593
27508968
43263078
58168804
51131618
72329506
89053146
48655659
44573205
38443910
74148901
14868650
66361022
40575203
10894692
9633946
9271496
3315427
88685378
644778
21001104
38990995
79169353
57243184
52952957
758546
35148156
89335549
47583787
67445447
1600751
25051185
42537399
52159633
65525431
73897600
29227869
76332120
96283395
41657502
69052804
25372233
8740697
5356390
98661569
37830844
77297526
6715346
95529191
35068060
87213006
85549467
49411765
40532070
90197831
73347544
65441147
16434217
56136672
13171283
23105122
31819873
19503805
5551016
27326341
29659553
73745912
54490781
99364216
64111211
48969056
15051285
33699842
69351253
29814028
98553391
72259880
24651993
58026891
74533014
68680844
81219757
46392973
24606480
52900843
59757325
84884627
858338
39309191
14269343
82846547
36483635
1420838
94047806
58502201
55344022
82622477
18429810
81288232
80291881
8446882
25217988
64496688
93752555
86809575
77446752
33860837
9469742
67911874
79063196
51772321
57812103
85105585
49485672
40557194
48091680
97479162
91562391
65294678
95770514
26417360
34471322
14181970
86450141
56728917
9711714
66628988
88100322
87206069
58468776
47266976
61601011
25317888
53739501
73046440
51015183
79360884
5761778
27749786
80568803
47936615
65577216
78488106
57482066
75663327
73353318
65386879
70550009
4158241
7865279
67178660
37196620
40247588
61733502
83545429
61571199
59721335
91500905
27025812
64958033
82540587
42002059
18085274
66688917
94194746
31249815
31313632
6689537
25375911
70681414
89997041
17887111
48675869
53709603
55615020
71942891
4771844
50818355
9931413
52448289
41695138
46569504
32496049
39693162
86434321
35383408
3842098
74465935
81403963
10918960
45953487
43193433
18511269
97331332
66669537
37811065
72303723
79856462
93655043
24836351
43040298
3525667
22006795
99283570
92781302
67526017
95066409
72430466
40195794
81154135
7228379
93291496
88786923
51363472
29839103
50885047
28182793
73299022
22922909
60018481
71853481
85579590
37143631
33059483
91799219
73459933
47513776
81965977
74627611
42684997
69384011
38398208
76039469
39488118
91160855
60810809
98525573
17855792
80463390
91264750
61683880
9156060
61977663
36131115
21834439
22335715
47552409
33397373
43224524
22979680
51532335
80146214
59995473
47485899
6307719
31279498
1621123
62123351
25013993
18475427
91761356
9514963
54861594
65148455
74200173
35939220
43927893
86934218
38939357
84427273
94343671
64025920
93260698
86603478
55016612
82352654
12062874
68584510
40828783
2085931
21336855
42472863
62612016
80541375
7361091
64209168
4331511
52274714
58381582
38337041
39690670
51519931
38611724
27889530
37932334
20799382
48705743
90106767
86403086
30701385
31418219
35828121
23713559
24566427
42189021
88355526
28508234
59137081
79730693
87957667
32868269
68734368
68573822
67155396
19457247
64493128
65665435
14219186
95287331
93717923
15414247
88504350
26546845
51905538
2812026
72583250
15512800
21937007
74399590
59879482
42869848
49608212
10326715
28004619
54729136
43920440
32212827
46813339
63117949
93388437
7786937
58597495
74878318
69899421
63125165
69019102
54030345
63885233
56753419
37330536
48814965
56755006
79363662
85175764
47724420
37010592
97396438
36206439
98498924
82152380
57906901
52098430
90718237
80474568
98625750
18394496
74585277
51507845
5864111
60722730
38373312
53833045
63171945
37265376
40733703
97677902
28750576
68070492
86034150
48362680
18755533
24327297
56074057
42231614
31276566
41729569
4243354
47393111
1572344
46442027
88228212
27276555
25257602
95820163
59294570
44244992
2990511
25981509
45550727
82791945
55387905
45269824
61856495
44653497
80527074
15126591
36870906
62464621
29316141
70261944
3879572
91573574
17001529
81081867
2578441
44469247
27114359
48937510
43857123
97173147
29112215
81341392
83505647
52298511
42933798
18822310
78293580
27067699
30697162
12636356
32474343
9525333
44681912
47215841
29902551
45241713
57626148
7849957
54702555
14347313
19209749
3430417
35044653
96497262
59801090
82015516
79504032
22967818
78184177
12588046
50630185
73250204
18010984
13266650
43942895
21057692
74225771
39552359
29630751
82481863
64102289
60748433
41402487
1850911
14918472
50092728
56005845
72627300
79948652
15024361
19466613
56309576
13465113
52079053
36327125
9088501
61938112
51470956
64504648
90761628
80765855
97018246
19672831
90860262
14151635
73241381
32311965
29101180
53641333
4321655
87921522
79539647
34940090
57778417
98488158
43533758
35429436
31349470
78959095
61370425
29012839
21691742
96116015
3413577
7850000
32337139
84585094
19452597
29969425
21187993
24174354
43828656
25657589
50773120
62514226
29625449
85015151
96559231
63097378
90046399
2289413
37063158
55363959
31979241
5044732
18665900
96341572
40956824
23445631
56216329
24164903
60035708
45498817
53704010
32873003
5967885
48746988
83482420
24449945
41720720
14942469
38908466
46730830
44333568
16758649
7825892
79592840
19821708
57646880
45835113
12545445
10704618
83610412
11878099
80247588
81115538
11195949
87754546
29485702
49136370
30054212
79205361
38696690
3896956
14073072
78748999
61220937
91390412
14165284
93317333
38163965
28229814
85661019
23856583
13506965
42441835